[0.08164131 0.36551846 0.99832465 1.74566828 2.08070409 1.74566828 0.99832465 0.36551846 0.08164131]
[0.36551846 1.45601961 3.36199807 4.83930971 5.21834705 4.83930971 3.36199807 1.45601961 0.36551846]
[0.99832465 3.36199807 5.40902288 3.07787258 0.29424309 3.07787258 5.40902288 3.36199807 0.99832465]
[  1.74566828   4.83930971   3.07787258 -11.7624106  -23.08699278 -11.7624106    3.07787258   4.83930971   1.74566828]
[  2.08070409   5.21834705   0.29424309 -23.08699278 -40. -23.08699278   0.29424309   5.21834705   2.08070409]
[  1.74566828   4.83930971   3.07787258 -11.7624106  -23.08699278 -11.7624106    3.07787258   4.83930971   1.74566828]
[0.99832465 3.36199807 5.40902288 3.07787258 0.29424309 3.07787258 5.40902288 3.36199807 0.99832465]
[0.36551846 1.45601961 3.36199807 4.83930971 5.21834705 4.83930971 3.36199807 1.45601961 0.36551846]
[0.08164131 0.36551846 0.99832465 1.74566828 2.08070409 1.74566828 0.99832465 0.36551846 0.08164131]
